%YAML:1.0

#--------------------------------------------------------------------------------------------
# Camera Parameters. Adjust them!
#--------------------------------------------------------------------------------------------

# Camera calibration and distortion parameters (OpenCV) 
Camera.fx: 1.4174382773025468e+03
Camera.fy: 1.4174382773025468e+03
Camera.cx: -1.0171524143218994e+02
Camera.cy: 1.5393084716796875e+02

Camera.k1: 0.0
Camera.k2: 0.0
Camera.p1: 0.0
Camera.p2: 0.0

Camera.width: 320
Camera.height: 480

# Camera frames per second 
Camera.fps: 10

# stereo baseline times fx
Camera.bf: 6.139

# Color order of the images (0: BGR, 1: RGB. It is ignored if images are grayscale)
Camera.RGB: 1

# Close/Far threshold. Baseline times.
ThDepth: 35

# ===> NOTICE: Add camera parameters here <===
LEFT.height: 480
LEFT.width: 320
LEFT.D: !!opencv-matrix
   rows: 1
   cols: 5
   dt: d
   data: [1.6203517261530509e-01, 5.1298438975403684e+00,
       -2.8323346928218942e-02, 8.8890603418464484e-02,
       -2.5171848193699539e+01]
LEFT.K: !!opencv-matrix
   rows: 3
   cols: 3
   dt: d
   data: [6.8105193101095585e+02, 0., 2.4936747598993537e+02, 0.,
       1.4268733792923829e+03, 2.0998565950379279e+02, 0., 0., 1.]
LEFT.R:  !!opencv-matrix
   rows: 3
   cols: 3
   dt: d
   data: [ 9.4353275800557690e-01, -2.8153817177557855e-02,
       3.3008074337761989e-01, 2.1113857192691706e-02,
       9.9946709224446473e-01, 2.4894508527809230e-02,
       -3.3060571623133828e-01, -1.6519506612704619e-02,
       9.4362437775655039e-01  ]
LEFT.P:  !!opencv-matrix
   rows: 3
   cols: 4
   dt: d
   data: [ 1.4174382773025468e+03, 0., -1.0171524143218994e+02, 0., 0.,
       1.4174382773025468e+03, 1.5393084716796875e+02, 0., 0., 0., 1.,
       0.]
RIGHT.height: 480
RIGHT.width: 320
RIGHT.D: !!opencv-matrix
   rows: 1
   cols: 5
   dt: d
   data:  [ 1.8104699262951798e-01, 7.0225704346292908e+00,
       -5.6868042061743167e-02, 4.7580282431344642e-02,
       -4.7927351258206578e+01 ]
RIGHT.K: !!opencv-matrix
   rows: 3
   cols: 3
   dt: d
   data: [ 6.5842569227141871e+02, 0., 2.0982309044547998e+02, 0.,
       1.4080031753127105e+03, 1.4934442013278601e+02, 0., 0., 1. ]
RIGHT.R:  !!opencv-matrix
   rows: 3
   cols: 3
   dt: d
   data: [ 9.6741128954622513e-01, -1.9056001108719252e-02,
       2.5249211013466233e-01, 2.4399240952790047e-02,
       9.9953937441956064e-01, -1.8047604436073724e-02,
       -2.5203189063973169e-01, 2.3620072114576274e-02,
       9.6743062712210259e-01 ]
RIGHT.P:  !!opencv-matrix
   rows: 3
   cols: 4
   dt: d
   data: [ 1.4174382773025468e+03, 0., -1.0171524143218994e+02,
       -6.1391311684439366e+01, 0., 1.4174382773025468e+03,
       1.5393084716796875e+02, 0., 0., 0., 1., 0. ]
#--------------------------------------------------------------------------------------------
# ORB Parameters
#--------------------------------------------------------------------------------------------

# ORB Extractor: Number of features per image
ORBextractor.nFeatures: 1200

# ORB Extractor: Scale factor between levels in the scale pyramid 	
ORBextractor.scaleFactor: 1.2

# ORB Extractor: Number of levels in the scale pyramid	
ORBextractor.nLevels: 8

# ORB Extractor: Fast threshold
# Image is divided in a grid. At each cell FAST are extracted imposing a minimum response.
# Firstly we impose iniThFAST. If no corners are detected we impose a lower value minThFAST
# You can lower these values if your images have low contrast			
ORBextractor.iniThFAST: 20
ORBextractor.minThFAST: 7

#--------------------------------------------------------------------------------------------
# Viewer Parameters
#--------------------------------------------------------------------------------------------
Viewer.KeyFrameSize: 0.05
Viewer.KeyFrameLineWidth: 1
Viewer.GraphLineWidth: 0.9
Viewer.PointSize: 2
Viewer.CameraSize: 0.08
Viewer.CameraLineWidth: 3
Viewer.ViewpointX: 0
Viewer.ViewpointY: -0.7
Viewer.ViewpointZ: -1.8
Viewer.ViewpointF: 500

