%YAML:1.0
---
R: !!opencv-matrix
   rows: 3
   cols: 3
   dt: d
   data: [ 9.9662258795845537e-01, 1.3133603107026697e-03,
       8.2107808737568497e-02, -4.6847605315756703e-03,
       9.9915301936883061e-01, 4.0881498320280450e-02,
       -8.1984572876564091e-02, -4.1128080077285072e-02,
       9.9578462070841589e-01 ]
T: !!opencv-matrix
   rows: 3
   cols: 1
   dt: d
   data: [ -4.1899988842266183e+01, 8.2534310118302445e-01,
       -1.0935800224499118e+01 ]
Rl: !!opencv-matrix
   rows: 3
   cols: 3
   dt: d
   data: [ 9.4353275800557690e-01, -2.8153817177557855e-02,
       3.3008074337761989e-01, 2.1113857192691706e-02,
       9.9946709224446473e-01, 2.4894508527809230e-02,
       -3.3060571623133828e-01, -1.6519506612704619e-02,
       9.4362437775655039e-01 ]
Rr: !!opencv-matrix
   rows: 3
   cols: 3
   dt: d
   data: [ 9.6741128954622513e-01, -1.9056001108719252e-02,
       2.5249211013466233e-01, 2.4399240952790047e-02,
       9.9953937441956064e-01, -1.8047604436073724e-02,
       -2.5203189063973169e-01, 2.3620072114576274e-02,
       9.6743062712210259e-01 ]
Pl: !!opencv-matrix
   rows: 3
   cols: 4
   dt: d
   data: [ 1.4174382773025468e+03, 0., -1.0171524143218994e+02, 0., 0.,
       1.4174382773025468e+03, 1.5393084716796875e+02, 0., 0., 0., 1.,
       0. ]
Pr: !!opencv-matrix
   rows: 3
   cols: 4
   dt: d
   data: [ 1.4174382773025468e+03, 0., -1.0171524143218994e+02,
       -6.1391311684439366e+04, 0., 1.4174382773025468e+03,
       1.5393084716796875e+02, 0., 0., 0., 1., 0. ]
Q: !!opencv-matrix
   rows: 4
   cols: 4
   dt: d
   data: [ 1., 0., 0., 1.0171524143218994e+02, 0., 1., 0.,
       -1.5393084716796875e+02, 0., 0., 0., 1.4174382773025468e+03, 0.,
       0., 2.3088581077863168e-02, 0. ]
