%YAML:1.0
---
cameraMatrixL: !!opencv-matrix
   rows: 3
   cols: 3
   dt: d
   data: [ 6.8105193101095585e+02, 0., 2.4936747598993537e+02, 0.,
       1.4268733792923829e+03, 2.0998565950379279e+02, 0., 0., 1. ]
cameraDistcoeffL: !!opencv-matrix
   rows: 5
   cols: 1
   dt: d
   data: [ 1.6203517261530509e-01, 5.1298438975403684e+00,
       -2.8323346928218942e-02, 8.8890603418464484e-02,
       -2.5171848193699539e+01 ]
cameraMatrixR: !!opencv-matrix
   rows: 3
   cols: 3
   dt: d
   data: [ 6.5842569227141871e+02, 0., 2.0982309044547998e+02, 0.,
       1.4080031753127105e+03, 1.4934442013278601e+02, 0., 0., 1. ]
cameraDistcoeffR: !!opencv-matrix
   rows: 5
   cols: 1
   dt: d
   data: [ 1.8104699262951798e-01, 7.0225704346292908e+00,
       -5.6868042061743167e-02, 4.7580282431344642e-02,
       -4.7927351258206578e+01 ]
